_version.3D29.3.2.0.26coreVersion.3Dqemu2.25202.12.0 = 1578957990
_version.3D29.3.4.0.26coreVersion.3Dqemu2.25202.12.0 = 1580375138
